image_width: 1024
image_height: 768
camera_name: "00b09d0100ad589b_left"
camera_matrix:
  rows: 3
  cols: 3
  data: [745.404294, 0.000000, 488.809174,  0.000000, 743.790777, 415.749801,  0.00000, 0.000000, 1.0000000]
distortion_model: plumb_bob
distortion_coefficients:
  rows: 1
  cols: 5
  data: [-0.291017, 0.203091, 0.002237, -0.002899, -0.072043]
rectification_matrix:
  rows: 3
  cols: 3
  data: [0.971610, -0.010090, -0.236375,  0.010291, 0.999947, -0.000386,  0.236366, -0.002058, 0.971662]
projection_matrix:
  rows: 3
  cols: 4
  data: [773.676917, 0.000000, 726.397766, 0.000000,  0.000000, 773.676917, 414.026154, 0.000000, 0.0, 0.000000, 1.000000, 0.000000]
