image_width: 1024
image_height: 768
camera_name: "00b09d0100ad589b_right"
camera_matrix:
  rows: 3
  cols: 3
  data: [753.128433, 0.000000, 490.815306,  0.000000, 752.113197, 400.296259,  0.00000, 0.000000, 1.000000]
distortion_model: plumb_bob
distortion_coefficients:
  rows: 1
  cols: 5
  data: [-0.295635, 0.205334, 0.002688, -0.003074, -0.045279]
rectification_matrix:
  rows: 3
  cols: 3
  data: [0.969447, 0.000807, -0.245301, -0.001015, 0.999999, -0.000722,  0.245300, 0.000949, 0.969447]
projection_matrix:
  rows: 3
  cols: 4
  data: [773.676917, 0.000000, 726.397766, -97.799477, 0.000000, 773.676917, 414.026154, 0.000000, 0.000000, 0.000000, 1.000000, 0.000000]
