%YAML:1.0
image_width: 1024
image_height: 768
camera_name: "000a4701120aa237"
camera_matrix: !!opencv-matrix
  rows: 3
  cols: 3
  dt: d
  data: [1263.081129, 0.0, 479.226324, 0.0, 1263.081129, 353.823507, 0.0, 0.0, 1.0]
distortion_model: plumb_bob
distortion_coefficients: !!opencv-matrix
  rows: 1
  cols: 5
  dt: d
  data: [-0.285093, 0.126926, 0.004708, 0.000393, 0.0]
rectification_matrix: !!opencv-matrix
  rows: 3
  cols: 3
  dt: d
  data: [1, 0, 0, 0, 1, 0, 0, 0, 1]
projection_matrix: !!opencv-matrix
  rows: 3
  cols: 4
  dt: d
  data: [1167.787354, 0.0, 475.963693, 0.0, 0.0, 1161.532349, 355.251033, 0.0, 0.0, 0.0, 1.0, 0.0]
